
Resp charges for organic molecule                                               

iqopt   irstrnt  ihfree     qwt
  2      1      1        0.001000

 rel.rms   dipole mom       Qxx      Qyy      Qzz
    0.15934   4.81907  65.13233 -59.44230  -5.69004

          Point charges before & after optimization
    NO   At.No.    q0           q(opt)   IVARY  d(rstr)/dq 
     1     6   0.707421       0.707421  -99    0.001400
     2     7  -0.897004      -0.897004  -99    0.001108
     3     6   0.791168       0.791168  -99    0.001254
     4     7  -0.471221      -0.471221  -99    0.002076
     5     6   0.019125       0.019125  -99    0.009822
     6     7  -0.085682      -0.085682  -99    0.007594
     7     6  -0.084824      -0.273185    0    0.003437
     8     6   0.212995       0.212995  -99    0.004250
     9     6   0.207711       0.207711  -99    0.004338
    10     6  -0.068837      -0.069824    0    0.008199
    11     7  -0.649385      -0.649385  -99    0.001522
    12     8  -0.614835      -0.614835  -99    0.001605
    13     8  -0.643348      -0.643348  -99    0.001536
    14     6   0.101424       0.122941    0    0.006310
    15     6  -0.110752      -0.453323    0    0.002154
    16     6  -0.033039       0.069291    0    0.008218
    17     6   0.056882      -0.046119    0    0.009080
    18     6  -0.420317      -0.517274    0    0.001898
    19     6   0.219872       0.219872  -99    0.004140
    20     6   0.587484       0.587484  -99    0.001678
    21     7  -0.448402      -0.448402  -99    0.002177
    22     8  -0.561561      -0.561561  -99    0.001753
    23     6   0.017624       0.024089    0    0.009722
    24     6  -0.063563      -0.030064    0    0.009577
    25     6   0.134081       0.134081  -99    0.005979
    26     7  -0.409776      -0.409776  -99    0.002371
    27     6   0.506324       0.506324  -99    0.001938
    28     8  -0.523842      -0.523842  -99    0.001875
    29     1  -0.022832      -0.022832  -99    0.000000
    30     1   0.010062       0.111278    0    0.000000
    31     1   0.059823       0.111278   30    0.000000
    32     1   0.106158       0.106158  -99    0.000000
    33     1   0.003185       0.003185  -99    0.000000
    34     1   0.051279       0.080283    0    0.000000
    35     1   0.102174       0.080283   34    0.000000
    36     1   0.368975       0.368975  -99    0.000000
    37     1   0.388586       0.388586  -99    0.000000
    38     1   0.395352       0.395352  -99    0.000000
    39     1   0.036402       0.040543    0    0.000000
    40     1   0.048021       0.040543   39    0.000000
    41     1   0.067381       0.168580    0    0.000000
    42     1   0.047407       0.168580   41    0.000000
    43     1   0.032787       0.031814    0    0.000000
    44     1   0.027343       0.031814   43    0.000000
    45     1  -0.162429       0.028325    0    0.000000
    46     1   0.048757       0.028325   45    0.000000
    47     1   0.103175       0.160769    0    0.000000
    48     1   0.154066       0.160769   47    0.000000
    49     1   0.060908       0.060908  -99    0.000000
    50     1   0.244307       0.244307  -99    0.000000
    51     1  -0.000587      -0.005728    0    0.000000
    52     1   0.011805      -0.005728   51    0.000000
    53     1   0.006361       0.026185    0    0.000000
    54     1   0.072207       0.026185   53    0.000000
    55     1   0.036462       0.036462  -99    0.000000
    56     1   0.271900       0.271900   -1    0.000000
    57     7  -0.415700      -0.415700   -1    0.002339
    58     6  -0.149000      -0.149000   -1    0.005573
    59     1   0.097600       0.097600   -1    0.000000
    60     1   0.097600       0.097600   -1    0.000000
    61     1   0.097600       0.097600   -1    0.000000
    62     6  -0.366200      -0.366200   -1    0.002634
    63     6   0.597200       0.597200   -1    0.001651
    64     8  -0.567900      -0.567900   -1    0.001734
    65     1   0.112300       0.112300   -1    0.000000
    66     1   0.112300       0.112300   -1    0.000000
    67     1   0.112300       0.112300   -1    0.000000
    68     1   0.271900       0.271900   -1    0.000000
    69     7  -0.415700      -0.415700   -1    0.002339
    70     6  -0.149000      -0.149000   -1    0.005573
    71     1   0.097600       0.097600   -1    0.000000
    72     1   0.097600       0.097600   -1    0.000000
    73     1   0.097600       0.097600   -1    0.000000
    74     1   0.227143       0.227143  -99    0.000000
    75     6  -0.366200      -0.366200   -1    0.002634
    76     6   0.597200       0.597200   -1    0.001651
    77     8  -0.567900      -0.567900   -1    0.001734
    78     1   0.112300       0.112300   -1    0.000000
    79     1   0.112300       0.112300   -1    0.000000
    80     1   0.112300       0.112300   -1    0.000000

        Statistics of the fitting:
  The initial sum of squares (ssvpot)                      4.551
  The residual sum of squares (chipot)                     0.116
  The std err of estimate (sqrt(chipot/N))               0.00260
  ESP relative RMS (SQRT(chipot/ssvpot))                 0.15934

 Dipole Moment (Debye)=   4.81907
