  0.707421 -0.897004  0.791168 -0.471221  0.019125 -0.085682 -0.084824  0.212995
  0.207711 -0.068837 -0.649385 -0.614835 -0.643348  0.101424 -0.110752 -0.033039
  0.056882 -0.420317  0.219872  0.587484 -0.448402 -0.561561  0.017624 -0.063563
  0.134081 -0.409776  0.506324 -0.523842 -0.022832  0.010062  0.059823  0.106158
  0.003185  0.051279  0.102174  0.368975  0.388586  0.395352  0.036402  0.048021
  0.067381  0.047407  0.032787  0.027343 -0.162429  0.048757  0.103175  0.154066
  0.060908  0.244307 -0.000587  0.011805  0.006361  0.072207  0.036462  0.271900
 -0.415700 -0.149000  0.097600  0.097600  0.097600 -0.366200  0.597200 -0.567900
  0.112300  0.112300  0.112300  0.271900 -0.415700 -0.149000  0.097600  0.097600
  0.097600  0.227143 -0.366200  0.597200 -0.567900  0.112300  0.112300  0.112300
