  0.707421 -0.897004  0.791168 -0.471221  0.019125 -0.085682 -0.273185  0.212995
  0.207711 -0.069824 -0.649385 -0.614835 -0.643348  0.122941 -0.453323  0.069291
 -0.046119 -0.517274  0.219872  0.587484 -0.448402 -0.561561  0.024089 -0.030064
  0.134081 -0.409776  0.506324 -0.523842 -0.022832  0.111278  0.111278  0.106158
  0.003185  0.080283  0.080283  0.368975  0.388586  0.395352  0.040543  0.040543
  0.168580  0.168580  0.031814  0.031814  0.028325  0.028325  0.160769  0.160769
  0.060908  0.244307 -0.005728 -0.005728  0.026185  0.026185  0.036462  0.271900
 -0.415700 -0.149000  0.097600  0.097600  0.097600 -0.366200  0.597200 -0.567900
  0.112300  0.112300  0.112300  0.271900 -0.415700 -0.149000  0.097600  0.097600
  0.097600  0.227143 -0.366200  0.597200 -0.567900  0.112300  0.112300  0.112300
